Ruminococcus sp.,ERR1942298.1,gi|1191949042|gb|KY643813.1|,85.38,212,31,0,1,212,277,66,9e-54,220
Nocardioides sp. HSD06,ERR1942298.2,gi|966557941|gb|KT353087.1|,95.54,224,10,0,1,224,299,76,2e-95,359
Lactobacillales bacterium HY-36-1,ERR1942298.3,gi|50982924|gb|AY581272.1|,90.57,212,15,5,1,210,306,98,2e-70,276
Adhaeribacter sp. HY02,ERR1942298.4,gi|1060085904|dbj|LC177335.1|,93.55,217,13,1,1,217,311,96,2e-84,322
Clostridium sp. Clone-47,ERR1942298.5,gi|358641020|dbj|AB622848.1|,93.36,211,14,0,1,211,332,122,1e-81,313
bacterium NLAE-zl-G1,ERR1942298.6,gi|387862822|gb|JX048067.1|,94.07,236,13,1,1,236,239,5,7e-95,357
Clostridiales bacterium 30-4c,ERR1942298.7,gi|312064780|gb|HQ452853.1|,98.55,207,3,0,1,207,330,124,1e-97,366
Bacteroides sp. W20,ERR1942298.8,gi|927657591|dbj|LC033792.1|,92.08,240,17,2,1,239,338,100,1e-88,337
activated sludge bacterium LB32,ERR1942298.9,gi|747014336|dbj|LC018247.1|,98.73,236,3,0,1,236,250,15,9e-114,420
Oscillospiraceae bacterium Marseille-P2840,ERR1942298.10,gi|1032798191|emb|LT576393.1|,92.15,191,15,0,1,191,343,153,6e-70,274
bacterium YE64,ERR1942298.11,gi|38374194|gb|AY442828.1|,96.14,207,8,0,1,207,327,121,2e-89,339
Solemya pervernicosa gill symbiont,ERR1942298.12,gi|262205100|dbj|AB499617.1|,85.53,159,18,4,1,157,296,141,5e-36,161
unidentified bacterium,ERR1942298.13,gi|301242985|gb|HM706334.1|,95.59,227,9,1,1,226,286,60,1e-96,363
Clostridiales bacterium 30-4c,ERR1942298.14,gi|312064780|gb|HQ452853.1|,98.08,208,3,1,1,208,330,124,5e-96,361
Oscillospiraceae bacterium Marseille-P2840,ERR1942298.15,gi|1032798191|emb|LT576393.1|,88.02,217,22,4,1,215,343,129,7e-65,257
Blautia coccoides,ERR1942298.16,gi|1233011954|gb|CP022713.1|,95.28,212,10,0,1,212,1979206,1979417,8e-89,337
Blautia coccoides,ERR1942298.16,gi|1233011954|gb|CP022713.1|,95.28,212,10,0,1,212,3246214,3246425,8e-89,337
Blautia coccoides,ERR1942298.16,gi|1233011954|gb|CP022713.1|,95.28,212,10,0,1,212,3886638,3886849,8e-89,337
Blautia coccoides,ERR1942298.16,gi|1233011954|gb|CP022713.1|,95.28,212,10,0,1,212,4986032,4985821,8e-89,337
Blautia coccoides,ERR1942298.16,gi|1233011954|gb|CP022713.1|,94.34,212,12,0,1,212,4971380,4971169,2e-85,326
Ruminococcus sp.,ERR1942298.17,gi|1191949042|gb|KY643813.1|,91.67,216,17,1,1,215,277,62,4e-77,298
Ruminococcus sp.,ERR1942298.18,gi|1191949042|gb|KY643813.1|,91.67,216,17,1,1,215,277,62,4e-77,298
Clostridiales bacterium 30-4c,ERR1942298.19,gi|312064780|gb|HQ452853.1|,92.66,218,13,3,1,216,330,114,5e-81,311
Bacteroides sp. W20,ERR1942298.20,gi|927657591|dbj|LC033792.1|,91.53,177,13,2,1,176,338,163,1e-60,243
bacterium FB2005,ERR1942298.21,gi|575790791|gb|KF697928.1|,96.00,225,9,0,1,225,314,90,1e-97,366
Alistipes shahii,ERR1942298.22,gi|1008904231|emb|LT223619.1|,93.47,245,14,2,1,244,330,87,2e-96,363
Anaerostipes hadrus,ERR1942298.23,gi|1146005172|gb|CP012098.1|,92.41,237,18,0,1,237,11091,11327,3e-89,339
Anaerostipes hadrus,ERR1942298.23,gi|1146005172|gb|CP012098.1|,92.41,237,18,0,1,237,358815,359051,3e-89,339
Anaerostipes hadrus,ERR1942298.23,gi|1146005172|gb|CP012098.1|,92.41,237,18,0,1,237,367626,367862,3e-89,339
Anaerostipes hadrus,ERR1942298.23,gi|1146005172|gb|CP012098.1|,92.41,237,18,0,1,237,3167972,3168208,3e-89,339
Anaerostipes hadrus,ERR1942298.23,gi|1146005172|gb|CP012098.1|,91.98,237,19,0,1,237,1413875,1414111,1e-87,333
Anaerostipes hadrus,ERR1942298.23,gi|1146005172|gb|CP012098.1|,91.98,237,19,0,1,237,1469518,1469282,1e-87,333
Anaerostipes hadrus,ERR1942298.23,gi|1146005172|gb|CP012098.1|,91.98,237,19,0,1,237,1924253,1924017,1e-87,333
Anaerostipes hadrus,ERR1942298.23,gi|1146005172|gb|CP012098.1|,91.56,237,20,0,1,237,2252358,2252122,6e-86,327
Anaerostipes hadrus,ERR1942298.23,gi|1146005172|gb|CP012098.1|,90.72,237,18,4,1,237,1873,1641,2e-81,313
Ruminococcaceae bacterium GD5,ERR1942298.24,gi|906846772|emb|LN870316.1|,91.24,217,19,0,1,217,347,131,1e-76,296
bacterium FB2005,ERR1942298.25,gi|575790791|gb|KF697928.1|,96.44,225,8,0,1,225,314,90,2e-99,372
Bacteroides uniformis,ERR1942298.26,gi|326580964|gb|JF298891.1|,86.85,251,24,9,1,247,276,31,3e-69,272
Bacteroides uniformis,ERR1942298.27,gi|326580964|gb|JF298891.1|,87.25,251,25,7,1,248,276,30,2e-71,279
bacterium TMB39,ERR1942298.28,gi|8131888|gb|AF148533.1|AF148533,93.60,172,9,2,2,171,315,144,2e-64,255
bacterium MC2006,ERR1942298.29,gi|575791328|gb|KF698194.1|,87.85,214,22,4,1,211,319,107,4e-62,248
Acidobacteria bacterium UCL-035,ERR1942298.30,gi|332691725|gb|JF707482.1|,99.59,246,1,0,1,246,315,70,1e-122,449
Lachnospiraceae bacterium G11,ERR1942298.31,gi|429841963|gb|KC143064.1|,95.81,191,8,0,1,191,334,144,2e-80,309
Clostridium sp. MC_40,ERR1942298.32,gi|953266212|emb|LN907768.1|,88.26,213,22,3,1,211,335,124,9e-64,254
bacterium FB2012,ERR1942298.33,gi|575790801|gb|KF697933.1|,92.43,185,14,0,1,185,313,129,3e-68,268
bacterium NLAE-zl-C488,ERR1942298.34,gi|379364615|gb|JQ608189.1|,89.95,199,15,5,1,197,303,108,8e-64,254
rumen bacterium YS2,ERR1942298.35,gi|23957487|gb|AF544207.1|,89.95,189,17,2,1,188,341,154,2e-60,243
Pseudomonas sp.,ERR1942298.36,gi|1238387073|gb|MF782430.1|,100.00,189,0,0,1,189,324,136,9e-93,350
unidentified bacterium,ERR1942298.37,gi|301206206|gb|HM669555.1|,99.55,224,1,0,1,224,307,84,2e-110,409
Lachnospiraceae bacterium DJF_VP30,ERR1942298.38,gi|189473867|gb|EU728771.1|,97.16,211,6,0,1,211,344,134,6e-95,357
Clostridiales bacterium CIEAF 021,ERR1942298.39,gi|388556172|dbj|AB702937.1|,89.34,197,19,2,1,196,349,154,1e-61,246
Clostridium piliforme,ERR1942298.40,gi|86129721|gb|DQ352806.1|,84.21,209,32,1,1,209,334,127,3e-48,202
Clostridium methylpentosum;Clostridium methylpentosum DSM 5476,ERR1942298.41,gi|265679047|ref|NR_029355.1|,89.45,218,22,1,1,217,328,111,7e-70,274
rumen bacterium NK2A1,ERR1942298.43,gi|304569946|gb|GU324367.1|,96.34,191,7,0,1,191,357,167,3e-82,315
unidentified bacterium,ERR1942298.44,gi|50982368|gb|AY654961.1|,88.41,207,17,7,1,205,234,33,2e-60,243
Clostridium aminophilum,ERR1942298.45,gi|82618890|gb|DQ278862.1|,91.63,227,15,4,1,225,358,134,5e-81,311
Clostridiales bacterium 14,ERR1942298.46,gi|1185580146|gb|KY978733.1|,91.32,219,17,2,1,218,347,130,4e-77,298
unidentified bacterium,ERR1942298.47,gi|301240325|gb|HM703674.1|,100.00,221,0,0,1,221,280,60,2e-110,409
Acetatifactor muris,ERR1942298.48,gi|645320782|ref|NR_117905.1|,93.78,225,14,0,1,225,282,58,2e-89,339
bacterium NLAE-zl-G12,ERR1942298.49,gi|387862892|gb|JX048137.1|,93.97,232,14,0,1,232,294,63,3e-93,351
Ruminococcus sp. CO47,ERR1942298.50,gi|22212479|dbj|AB064904.1|,94.50,218,11,1,1,217,346,129,9e-89,337
Clostridiales bacterium Marseille-P2846,ERR1942298.51,gi|1032798185|emb|LT576387.1|,92.96,213,15,0,2,214,336,124,5e-81,311
bacterium FB2012,ERR1942298.52,gi|575790801|gb|KF697933.1|,92.79,208,15,0,1,208,313,106,2e-79,305
Butyricicoccus sp. BB10,ERR1942298.53,gi|1215493261|gb|MF469066.1|,82.41,216,26,12,1,209,315,105,5e-41,178
Lachnospiraceae bacterium DW44,ERR1942298.54,gi|1023747092|gb|KX009924.1|,89.38,226,24,0,1,226,315,90,3e-73,285
Bacteroidetes endosymbiont of Metaseiulus occidentalis,ERR1942298.55,gi|58978165|gb|AY753170.1|,99.53,214,1,0,1,214,330,117,6e-105,390
Clostridiales bacterium 30-4c,ERR1942298.56,gi|312064780|gb|HQ452853.1|,97.91,191,3,1,1,191,330,141,1e-86,329
Oscillospiraceae bacterium Marseille-P2840,ERR1942298.57,gi|1032798191|emb|LT576393.1|,88.02,217,22,4,1,215,343,129,7e-65,257
Acidobacteria bacterium UCL-110,ERR1942298.58,gi|332691791|gb|JF707548.1|,100.00,233,0,0,1,233,286,54,4e-117,431
[Ruminococcus] gnavus,ERR1942298.59,gi|1151123233|gb|KY497952.1|,93.75,224,14,0,2,225,295,72,9e-89,337
Pinus oocarpa,ERR1942298.60,gi|1238790361|gb|KY963969.1|,100.00,219,0,0,1,219,84576,84358,2e-109,405
bacterium YE64,ERR1942298.61,gi|38374194|gb|AY442828.1|,95.81,191,8,0,1,191,327,137,2e-80,309
Ruminococcus sp.,ERR1942298.62,gi|1191949042|gb|KY643813.1|,91.71,217,17,1,1,216,277,61,1e-77,300
bacterium FB2012,ERR1942298.63,gi|575790801|gb|KF697933.1|,92.67,191,14,0,1,191,313,123,1e-71,279
Haemonchus placei,ERR1942298.64,gi|690079520|emb|LM602445.1|,93.51,185,11,1,1,185,340,157,6e-70,274
Lachnospiraceae bacterium canine oral taxon 399,ERR1942298.65,gi|373279931|gb|JN713566.1|,83.82,173,26,2,2,174,342,172,1e-36,163
Pinus oocarpa,ERR1942298.66,gi|1238790361|gb|KY963969.1|,99.55,222,1,0,1,222,84576,84355,2e-109,405
bacterium FB2012,ERR1942298.67,gi|575790801|gb|KF697933.1|,93.66,205,13,0,1,205,313,109,5e-81,311
Pinus oocarpa,ERR1942298.68,gi|1238790361|gb|KY963969.1|,98.88,178,1,1,1,178,84576,84400,9e-83,316
Anaeroplasma abactoclasticum,ERR1942298.69,gi|265678861|ref|NR_029167.1|,84.05,232,28,7,1,226,323,95,4e-52,215
Anaeroplasma abactoclasticum,ERR1942298.70,gi|265678861|ref|NR_029167.1|,84.26,235,28,7,1,229,323,92,1e-53,220
Bacteroides vulgatus,ERR1942298.71,gi|1100830482|gb|JN084208.2|,91.29,241,19,1,1,241,321,83,6e-86,327
rumen bacterium YS2,ERR1942298.72,gi|23957487|gb|AF544207.1|,92.20,205,16,0,1,205,341,137,2e-75,292
Clostridiales bacterium oral taxon 085,ERR1942298.73,gi|285162219|gb|GU400637.1|,86.83,205,27,0,1,205,315,111,1e-56,230
Lachnospiraceae bacterium G11,ERR1942298.74,gi|429841963|gb|KC143064.1|,95.31,192,7,2,1,192,334,145,8e-79,303
unidentified bacterium,ERR1942298.75,gi|301244749|gb|HM708098.1|,95.06,162,8,0,48,209,254,93,2e-64,255
Bacteroides clarus YIT 12056,ERR1942298.76,gi|631251867|ref|NR_113065.1|,91.74,242,17,3,1,240,334,94,1e-87,333
Clostridiales bacterium 21-4c,ERR1942298.77,gi|312064785|gb|HQ452858.1|,90.95,221,14,6,1,218,347,130,2e-75,292
bacterium Ellin6075,ERR1942298.78,gi|37961884|gb|AY234727.1|,93.28,119,8,0,1,119,310,192,2e-40,176
Clostridiales bacterium JN18_A89_K*,ERR1942298.79,gi|77377404|gb|DQ168653.1|,87.56,217,26,1,2,218,297,82,1e-62,250
Clostridium piliforme,ERR1942298.80,gi|86129721|gb|DQ352806.1|,84.21,209,32,1,1,209,334,127,3e-48,202
bacterium NLAE-zl-G12,ERR1942298.81,gi|387862892|gb|JX048137.1|,91.56,225,18,1,2,226,293,70,2e-80,309
Pseudomonas gessardii,ERR1942298.82,gi|1237969736|gb|KY653096.1|,100.00,216,0,0,1,216,275,60,1e-107,399
Clostridiaceae bacterium BARN-424-CC-10,ERR1942298.83,gi|1109168019|ref|NR_144608.1|,92.31,221,17,0,1,221,344,124,4e-82,315
bacterium YE57,ERR1942298.84,gi|38374187|gb|AY442821.1|,90.78,217,18,1,1,217,327,113,2e-74,289
Lachnospiraceae bacterium DJF_VP30,ERR1942298.85,gi|189473867|gb|EU728771.1|,97.17,212,6,0,1,212,344,133,2e-95,359
rumen bacterium NK2A1,ERR1942298.86,gi|304569946|gb|GU324367.1|,96.23,212,8,0,1,212,357,146,4e-92,348
Clostridiales bacterium 30-4c,ERR1942298.87,gi|312064780|gb|HQ452853.1|,97.35,189,4,1,1,189,330,143,7e-84,320
rumen bacterium NK4A222,ERR1942298.88,gi|304569984|gb|GU324405.1|,95.94,197,8,0,1,197,330,134,8e-84,320
Acetatifactor muris,ERR1942298.89,gi|645320782|ref|NR_117905.1|,93.78,225,14,0,1,225,282,58,2e-89,339
bacterium XPB1003,ERR1942298.90,gi|575791882|gb|KF698470.1|,95.63,183,7,1,1,183,317,136,2e-75,292
Paracraurococcus sp. AN120656,ERR1942298.91,gi|1059858553|gb|KX762319.1|,99.55,223,1,0,1,223,297,75,7e-110,407
Clostridium sp. Culture Jar-13,ERR1942298.92,gi|358640998|dbj|AB622826.1|,93.61,219,14,0,1,219,351,133,5e-86,327
bacterium NB3007,ERR1942298.93,gi|575791436|gb|KF698248.1|,92.89,225,16,0,1,225,326,102,5e-86,327
Clostridium sp. 619,ERR1942298.94,gi|399219965|dbj|AB739698.1|,94.20,207,11,1,1,207,344,139,4e-82,315
Flavobacterium sp. JD6(2011),ERR1942298.95,gi|336181169|gb|JF922309.1|,98.96,192,2,0,1,192,315,124,4e-91,344
Lachnospiraceae bacterium G11,ERR1942298.96,gi|429841963|gb|KC143064.1|,92.63,190,14,0,2,191,333,144,6e-70,274
rhizosphere soil bacterium RSI-21,ERR1942298.97,gi|9857110|emb|AJ252588.1|,96.73,214,7,0,1,214,297,84,6e-95,357
Ruminococcus albus,ERR1942298.98,gi|41387515|gb|AY445592.1|,86.73,196,26,0,1,196,327,132,3e-53,219
Clostridium sp. ARIAKE436,ERR1942298.100,gi|512380471|dbj|AB809054.1|,93.49,215,14,0,1,215,346,132,9e-84,320
Lachnospiraceae bacterium DJF_VP30,ERR1942298.101,gi|189473867|gb|EU728771.1|,95.10,204,10,0,2,205,343,140,2e-84,322
Clostridium sp. Clone-17,ERR1942298.102,gi|358641009|dbj|AB622837.1|,93.43,198,12,1,1,198,342,146,2e-75,292
Lachnospiraceae bacterium DW70,ERR1942298.103,gi|1023747100|gb|KX009932.1|,92.89,211,15,0,1,211,334,124,7e-80,307
Arthrobacter sp. 4J27,ERR1942298.104,gi|1206483179|gb|KY753248.1|,100.00,233,0,0,1,233,295,63,4e-117,431
Anaeroplasma abactoclasticum,ERR1942298.105,gi|265678861|ref|NR_029167.1|,84.19,234,28,7,1,228,323,93,3e-53,219
Lachnospiraceae bacterium DW52,ERR1942298.106,gi|1023747094|gb|KX009926.1|,92.20,218,13,4,1,216,311,96,2e-79,305
Acetatifactor muris,ERR1942298.107,gi|645320782|ref|NR_117905.1|,88.73,213,20,4,2,212,281,71,7e-65,257
Bacteroides sartorii JCM 16497,ERR1942298.108,gi|631251866|ref|NR_113064.1|,91.14,237,18,2,1,237,334,101,3e-83,318
Lactobacillales bacterium DJF_B280,ERR1942298.109,gi|189473820|gb|EU728724.1|,95.48,221,10,0,1,221,342,122,9e-94,353
rumen bacterium YS2,ERR1942298.110,gi|23957487|gb|AF544207.1|,90.61,213,20,0,2,214,340,128,1e-72,283
bacterium V9D2002,ERR1942298.111,gi|575791615|gb|KF698337.1|,90.67,225,21,0,1,225,331,107,1e-77,300
Clostridiales bacterium CIEAF 029,ERR1942298.112,gi|388556167|dbj|AB702932.1|,90.72,237,19,3,1,236,349,115,2e-81,313
Anaeroplasma abactoclasticum,ERR1942298.113,gi|265678861|ref|NR_029167.1|,84.05,232,28,7,1,226,323,95,4e-52,215
Chitinophagaceae bacterium StRD338,ERR1942298.114,gi|864424864|dbj|LC024839.1|,95.85,217,8,1,1,217,232,17,1e-92,350
Sphingomonas sp.,ERR1942298.115,gi|1110841728|gb|KY287249.1|,99.55,221,1,0,1,221,285,65,9e-109,403
Anaerostipes sp. 992a,ERR1942298.116,gi|425477679|gb|JX629260.1|,94.09,237,14,0,2,238,329,93,6e-96,361
Clostridium methylpentosum;Clostridium methylpentosum DSM 5476,ERR1942298.117,gi|265679047|ref|NR_029355.1|,90.70,215,19,1,1,214,328,114,3e-73,285
Hymenobacter sp.,ERR1942298.118,gi|1238388724|gb|MF782451.1|,98.22,225,4,0,1,225,243,19,5e-106,394
Pinus oocarpa,ERR1942298.119,gi|1238790361|gb|KY963969.1|,100.00,216,0,0,1,216,84576,84361,1e-107,399
Blautia coccoides,ERR1942298.120,gi|1233011954|gb|CP022713.1|,94.93,217,11,0,1,217,1979206,1979422,7e-90,340
Blautia coccoides,ERR1942298.120,gi|1233011954|gb|CP022713.1|,94.93,217,11,0,1,217,3246214,3246430,7e-90,340
Blautia coccoides,ERR1942298.120,gi|1233011954|gb|CP022713.1|,94.93,217,11,0,1,217,3886638,3886854,7e-90,340
Blautia coccoides,ERR1942298.120,gi|1233011954|gb|CP022713.1|,94.93,217,11,0,1,217,4986032,4985816,7e-90,340
Blautia coccoides,ERR1942298.120,gi|1233011954|gb|CP022713.1|,94.01,217,13,0,1,217,4971380,4971164,1e-86,329
Clostridiales bacterium CIEAF 029,ERR1942298.121,gi|388556167|dbj|AB702932.1|,95.02,241,10,2,1,240,349,110,6e-101,377
Bacteroides sp. W20,ERR1942298.122,gi|927657591|dbj|LC033792.1|,91.48,176,13,2,1,175,338,164,5e-60,241
Pinus oocarpa,ERR1942298.123,gi|1238790361|gb|KY963969.1|,100.00,219,0,0,1,219,84576,84358,2e-109,405
bacterium TMB39,ERR1942298.124,gi|8131888|gb|AF148533.1|AF148533,92.82,209,14,1,2,209,315,107,3e-78,302
Clostridiales bacterium 'ARUP UnID 349',ERR1942298.125,gi|380849277|gb|JQ259545.1|,84.96,226,26,7,1,222,324,103,3e-54,222
Eisenbergiella tayi,ERR1942298.126,gi|1046359196|gb|KX592861.1|,92.69,219,16,0,1,219,330,112,1e-82,316
Clostridiales bacterium oral taxon 085,ERR1942298.127,gi|285162214|gb|GU400632.1|,86.80,197,24,2,2,197,314,119,3e-53,219
Lactobacillales bacterium HY-36-1,ERR1942298.128,gi|50982924|gb|AY581272.1|,91.83,208,12,5,1,206,306,102,3e-73,285
Bacteroides stercoris ATCC 43183,ERR1942298.129,gi|159159328|gb|EU136684.1|,91.93,223,18,0,1,223,331,109,2e-81,313
Clostridium sp. Culture-27,ERR1942298.130,gi|358640990|dbj|AB622818.1|,91.10,236,17,4,1,234,352,119,1e-82,316
Lachnospiraceae bacterium 539,ERR1942298.132,gi|379025440|dbj|AB700361.1|,95.98,224,9,0,2,225,323,100,4e-97,364
Bacteroides finegoldii,ERR1942298.133,gi|189345356|gb|EU722740.1|,91.46,199,17,0,1,199,336,138,6e-70,274
Oscillospiraceae bacterium Marseille-P2840,ERR1942298.134,gi|1032798191|emb|LT576393.1|,88.48,217,21,4,1,215,343,129,1e-66,263
Lachnospiraceae bacterium G11,ERR1942298.135,gi|429841963|gb|KC143064.1|,96.00,225,9,0,1,225,334,110,1e-97,366
Ruminococcus sp.,ERR1942298.136,gi|1191949042|gb|KY643813.1|,92.78,194,13,1,1,193,277,84,1e-71,279
Arthrobacter sp. CPCC203934,ERR1942298.137,gi|726113639|gb|KM368859.1|,100.00,233,0,0,1,233,239,7,4e-117,431
Clostridiales bacterium oral taxon F32,ERR1942298.138,gi|295877494|gb|HM099644.1|,93.24,207,14,0,1,207,382,176,2e-79,305
Clostridiaceae bacterium DJF_VP39k1,ERR1942298.139,gi|189473870|gb|EU728774.1|,99.10,223,2,0,1,223,329,107,3e-108,401
bacterium XPB1003,ERR1942298.140,gi|575791882|gb|KF698470.1|,97.40,192,4,1,1,192,317,127,2e-85,326
Bradyrhizobium sp.,ERR1942298.141,gi|1150392570|gb|KY176931.1|,99.55,221,1,0,1,221,303,83,9e-109,403
Propionibacteriaceae sp. Pao16,ERR1942298.142,gi|605097932|gb|KJ016012.1|,98.62,217,3,0,1,217,270,54,3e-103,385
Lachnospiraceae bacterium 615,ERR1942298.143,gi|379025448|dbj|AB700369.1|,89.36,188,20,0,2,189,344,157,8e-59,237
Ruminococcus sp. M73,ERR1942298.144,gi|119371514|dbj|AB262655.1|,90.87,230,21,0,1,230,346,117,2e-80,309
unidentified bacterium,ERR1942298.145,gi|50982368|gb|AY654961.1|,91.71,205,16,1,1,205,234,31,1e-72,283
Bacteroides clarus YIT 12056,ERR1942298.146,gi|631251867|ref|NR_113065.1|,92.15,242,17,2,1,241,334,94,7e-90,340
Bacteroides sartorii JCM 16497,ERR1942298.147,gi|631251866|ref|NR_113064.1|,90.75,227,18,2,1,227,334,111,1e-77,300
bacterium YAB2009,ERR1942298.148,gi|575791946|gb|KF698503.1|,88.38,198,17,6,2,196,341,147,1e-57,233
Ruminococcaceae bacterium Marseille-P2963,ERR1942298.149,gi|1032798206|emb|LT576408.1|,89.43,227,24,0,1,227,347,121,9e-74,287
Raoultibacter sp. Marseille-P3277T,ERR1942298.150,gi|1227086020|ref|NR_148574.1|,83.49,218,35,1,1,218,327,111,3e-48,202
Oscillospiraceae bacterium Marseille-P2840,ERR1942298.151,gi|1032798191|emb|LT576393.1|,87.85,214,19,7,1,210,343,133,4e-62,248
Bacteroides clarus YIT 12056,ERR1942298.152,gi|631251867|ref|NR_113065.1|,92.12,241,17,2,1,240,334,95,3e-89,339
Nocardioides sp. RKVR_SS5,ERR1942298.154,gi|403238681|gb|JX317682.1|,95.09,224,11,0,1,224,322,99,9e-94,353
Lachnospiraceae bacterium 615,ERR1942298.155,gi|379025448|dbj|AB700369.1|,89.47,190,20,0,2,191,344,155,6e-60,241
Lachnospiraceae bacterium 19gly4,ERR1942298.156,gi|30387181|gb|AF550610.1|,91.89,222,11,6,1,218,302,84,9e-79,303
Anaeroplasma abactoclasticum,ERR1942298.157,gi|265678861|ref|NR_029167.1|,84.45,238,28,7,1,232,323,89,2e-55,226
Bacteroides clarus YIT 12056,ERR1942298.158,gi|631251867|ref|NR_113065.1|,92.15,242,17,2,1,241,334,94,7e-90,340
bacterium FB2012,ERR1942298.160,gi|575790801|gb|KF697933.1|,93.27,208,14,0,1,208,313,106,5e-81,311
Ruminococcus sp. NK3A76,ERR1942298.161,gi|304569978|gb|GU324399.1|,85.00,200,28,2,1,199,330,132,3e-48,202
Tyzzerella sp. Marseille-P3062,ERR1942298.162,gi|1042915401|emb|LT598553.1|,94.34,212,12,0,1,212,344,133,1e-86,329
Clostridiales bacterium 30-4c,ERR1942298.163,gi|312064780|gb|HQ452853.1|,97.63,211,5,0,1,211,330,120,1e-96,363
Oscillibacter sp. Marseille-P2778,ERR1942298.164,gi|1024389141|emb|LT558848.1|,92.31,208,15,1,1,207,345,138,5e-76,294
rumen bacterium YS2,ERR1942298.165,gi|23957487|gb|AF544207.1|,87.23,188,24,0,1,188,341,154,4e-52,215
Mogibacterium pumilum,ERR1942298.166,gi|1229036016|gb|CP016199.1|,90.31,227,18,4,1,225,1100728,1100504,5e-76,294
Mogibacterium pumilum,ERR1942298.166,gi|1229036016|gb|CP016199.1|,90.31,227,18,4,1,225,1106353,1106129,5e-76,294
Mogibacterium pumilum,ERR1942298.166,gi|1229036016|gb|CP016199.1|,90.31,227,18,4,1,225,1852550,1852774,5e-76,294
Blautia wexlerae,ERR1942298.167,gi|532694958|gb|KF374936.1|,91.91,235,19,0,1,235,297,63,2e-86,329
Clostridium piliforme,ERR1942298.168,gi|86129721|gb|DQ352806.1|,84.21,209,32,1,1,209,334,127,3e-48,202
Ruminococcus sp. Marseille-P3217,ERR1942298.169,gi|1042915491|emb|LT598578.1|,87.73,220,19,8,1,216,329,114,1e-62,250
Acetatifactor muris,ERR1942298.170,gi|645320782|ref|NR_117905.1|,94.22,225,13,0,1,225,282,58,5e-91,344
mixed culture ruminal bacterium PAD193,ERR1942298.171,gi|3243232|gb|AF070469.1|AF070469,92.89,211,15,0,1,211,318,108,7e-80,307
bacterium YGB2004,ERR1942298.172,gi|575791971|gb|KF698515.1|,83.73,209,30,4,2,208,305,99,5e-46,195
Lactobacillales bacterium DJF_B280,ERR1942298.173,gi|189473820|gb|EU728724.1|,96.35,219,8,0,1,219,342,124,5e-96,361
Ruminococcus sp. DJF_VR70k1,ERR1942298.174,gi|189473888|gb|EU728792.1|,95.73,211,9,0,1,211,343,133,6e-90,340
Acetatifactor muris,ERR1942298.175,gi|645320782|ref|NR_117905.1|,94.22,225,13,0,1,225,282,58,5e-91,344
Microbacteriaceae bacterium N4_97_1,ERR1942298.176,gi|529741741|gb|KF295035.1|,100.00,232,0,0,1,232,264,33,1e-116,429
Flavonifractor plautii,ERR1942298.177,gi|404363883|gb|JX267131.1|,94.47,217,11,1,1,216,337,121,1e-87,333
Oscillospiraceae bacterium Marseille-P2840,ERR1942298.178,gi|1032798191|emb|LT576393.1|,92.08,202,16,0,1,202,343,142,2e-74,289
Firmicutes bacterium M53,ERR1942298.179,gi|119371516|dbj|AB262657.1|,92.67,191,14,0,1,191,344,154,2e-70,276
Prevotella melaninogenica,ERR1942298.180,gi|1139283763|emb|LT697487.1|,86.67,225,30,0,1,225,317,93,1e-62,250
Clostridiales bacterium Marseille-P2846,ERR1942298.181,gi|1032798185|emb|LT576387.1|,90.50,200,17,2,2,200,336,138,1e-66,263
Rhodococcus sp. RG-14,ERR1942298.182,gi|45504957|gb|AY561580.1|,100.00,210,0,0,1,210,299,90,2e-104,388
Firmicutes bacterium M53,ERR1942298.185,gi|119371516|dbj|AB262657.1|,93.16,190,13,0,2,191,343,154,1e-71,279
Clostridiales bacterium JN18_A89_K*,ERR1942298.186,gi|77377404|gb|DQ168653.1|,87.61,218,25,2,2,219,297,82,3e-63,252
Clostridium aminophilum,ERR1942298.187,gi|82618890|gb|DQ278862.1|,92.57,202,11,4,1,200,358,159,8e-74,287
unidentified bacterium,ERR1942298.188,gi|4335655|gb|U81729.2|UEU81729,88.37,215,23,2,1,214,294,81,7e-65,257
Ruminococcus sp. DJF_VR87,ERR1942298.189,gi|189473892|gb|EU728796.1|,95.05,222,10,1,1,221,346,125,4e-92,348
Intestinimonas butyriciproducens,ERR1942298.190,gi|955689447|gb|CP011307.1|,86.29,175,17,5,1,171,631529,631358,1e-42,183
Intestinimonas butyriciproducens,ERR1942298.190,gi|955689447|gb|CP011307.1|,85.71,175,18,5,1,171,3292102,3292273,5e-41,178
Ruminococcus sp.,ERR1942298.191,gi|1191949042|gb|KY643813.1|,91.67,216,17,1,1,215,277,62,4e-77,298
Clostridium sp. ARIAKE994,ERR1942298.192,gi|512380473|dbj|AB809056.1|,89.29,196,20,1,1,196,338,144,5e-61,244
Blautia sp. Marseille-P3387,ERR1942298.193,gi|1154835249|emb|LT799002.1|,95.48,221,10,0,1,221,323,103,9e-94,353
Clostridium sp. 619,ERR1942298.194,gi|399219965|dbj|AB739698.1|,93.06,216,12,3,1,214,344,130,1e-81,313
Acetatifactor muris,ERR1942298.195,gi|645320782|ref|NR_117905.1|,94.22,225,13,0,1,225,282,58,5e-91,344
bacterium NLAE-zl-C488,ERR1942298.196,gi|379364615|gb|JQ608189.1|,88.42,190,17,5,1,188,303,117,2e-55,226
bacterium NLAE-zl-C312,ERR1942298.197,gi|379364452|gb|JQ608026.1|,91.24,217,11,6,1,212,308,95,7e-75,291
Clostridiales bacterium CIEAF 021,ERR1942298.198,gi|388556172|dbj|AB702937.1|,89.15,212,18,5,2,210,348,139,2e-65,259
Bacteroides sp. S427,ERR1942298.200,gi|815932270|gb|KR232894.1|,92.00,225,14,2,1,223,282,60,1e-81,313
Blautia schinkii,ERR1942298.201,gi|3492816|emb|X94964.1|,93.52,216,14,0,1,216,323,108,5e-86,327
Lactobacillales bacterium HY-36-1,ERR1942298.202,gi|50982924|gb|AY581272.1|,91.44,222,18,1,1,222,306,86,9e-79,303
Hymenobacter sp. XF-6R,ERR1942298.203,gi|1227086196|ref|NR_148659.1|,99.05,211,2,0,1,211,317,107,1e-101,379
Paenibacillus chondroitinus,ERR1942298.204,gi|1219687981|gb|MF525778.1|,92.37,118,8,1,2,119,239,123,1e-37,167
Pinus oocarpa,ERR1942298.205,gi|1238790361|gb|KY963969.1|,99.54,216,0,1,1,215,84576,84361,2e-105,392
Gram-negative bacterium cL10-2b-4,ERR1942298.206,gi|37654684|gb|AY239469.1|,83.90,236,31,7,1,232,326,94,4e-53,219
Clostridium sp. Culture Jar-13,ERR1942298.207,gi|358640998|dbj|AB622826.1|,92.75,193,14,0,1,193,351,159,1e-71,279
rumen bacterium YS2,ERR1942298.208,gi|23957487|gb|AF544207.1|,88.89,171,19,0,1,171,341,171,4e-51,211
Rubellimicrobium roseum,ERR1942298.209,gi|645320161|ref|NR_117433.1|,98.21,224,4,0,1,224,302,79,2e-105,392
Lachnospiraceae bacterium A4,ERR1942298.210,gi|111118370|gb|DQ789118.1|,88.29,222,24,2,1,221,333,113,4e-67,265
Oscillospiraceae bacterium AIP232.11,ERR1942298.211,gi|404251562|gb|JX173685.1|,89.45,218,20,3,1,217,285,70,2e-69,272
Marmoricola sp.,ERR1942298.212,gi|1124890847|gb|KY386387.1|,99.09,219,2,0,1,219,312,94,5e-106,394
Bacillus schlegelii,ERR1942298.213,gi|343200158|ref|NR_040845.1|,90.91,132,9,3,2,132,333,204,7e-40,174
Flavobacterium psychrophilum,ERR1942298.214,gi|1109623316|emb|LT670843.1|,95.77,213,6,3,1,211,575256,575045,6e-90,340
Flavobacterium psychrophilum,ERR1942298.214,gi|1109623316|emb|LT670843.1|,95.77,213,6,3,1,211,1405200,1404989,6e-90,340
Flavobacterium psychrophilum,ERR1942298.214,gi|1109623316|emb|LT670843.1|,95.77,213,6,3,1,211,1605681,1605892,6e-90,340
Flavobacterium psychrophilum,ERR1942298.214,gi|1109623316|emb|LT670843.1|,95.77,213,6,3,1,211,2001447,2001658,6e-90,340
Flavobacterium psychrophilum,ERR1942298.214,gi|1109623316|emb|LT670843.1|,95.77,213,6,3,1,211,2136125,2136336,6e-90,340
Flavobacterium psychrophilum,ERR1942298.214,gi|1109623316|emb|LT670843.1|,95.77,213,6,3,1,211,2482946,2483157,6e-90,340
Clostridiales bacterium 30-4c,ERR1942298.215,gi|312064780|gb|HQ452853.1|,99.03,206,2,0,1,206,330,125,8e-99,370
Amnibacterium sp.,ERR1942298.216,gi|1124886699|gb|KX928543.1|,100.00,231,0,0,1,231,250,20,5e-116,427
Hydrogenophilus hirschii,ERR1942298.217,gi|1227542207|gb|MF595849.1|,97.52,242,6,0,1,242,295,54,4e-112,414
Clostridium sp. NML 04A032,ERR1942298.218,gi|193875659|gb|EU815224.1|,93.18,176,8,4,1,175,319,147,2e-64,255
Anaeroplasma abactoclasticum,ERR1942298.219,gi|265678861|ref|NR_029167.1|,84.05,232,28,7,1,226,323,95,4e-52,215
bacterium WCD2010,ERR1942298.221,gi|575791722|gb|KF698390.1|,94.54,238,13,0,1,238,325,88,3e-98,368
Clostridium sp. Clone-47,ERR1942298.222,gi|358641020|dbj|AB622848.1|,93.33,225,14,1,1,224,332,108,4e-87,331
Clostridium sp. 619,ERR1942298.223,gi|399219965|dbj|AB739698.1|,93.09,217,12,3,1,215,344,129,1e-82,316
bacterium NLAE-zl-G12,ERR1942298.224,gi|387862892|gb|JX048137.1|,96.36,220,8,0,1,220,294,75,1e-96,363
Clostridiales bacterium canine oral taxon 123,ERR1942298.225,gi|373135519|gb|JQ297343.1|,91.88,197,16,0,1,197,334,138,2e-70,276
Oscillospiraceae bacterium Marseille-P2840,ERR1942298.226,gi|1032798191|emb|LT576393.1|,87.85,214,22,4,1,212,343,132,3e-63,252
Blautia sp. Marseille-P3441,ERR1942298.227,gi|1154838044|emb|LT631543.2|,93.33,225,15,0,1,225,323,99,3e-88,335
Acetatifactor muris,ERR1942298.228,gi|645320782|ref|NR_117905.1|,93.33,225,15,0,1,225,282,58,1e-87,333
bacterium P1G4,ERR1942298.229,gi|676402738|gb|KM043749.1|,96.09,230,9,0,2,231,296,67,2e-100,375
Lachnospiraceae bacterium SRB530,ERR1942298.230,gi|595650135|gb|KF601350.1|,90.67,225,21,0,1,225,272,48,1e-77,300
Clostridiales bacterium 24-4c,ERR1942298.231,gi|312064779|gb|HQ452852.1|,96.45,197,7,0,1,197,343,147,2e-85,326
Hydrogenophilus hirschii,ERR1942298.232,gi|1227542207|gb|MF595849.1|,97.49,239,6,0,1,239,295,57,2e-110,409
Lachnospiraceae bacterium G11,ERR1942298.233,gi|429841963|gb|KC143064.1|,92.59,189,14,0,2,190,333,145,2e-69,272
Lactobacillales bacterium HY-36-1,ERR1942298.234,gi|50982924|gb|AY581272.1|,91.04,212,14,5,1,210,306,98,4e-72,281
Ruminococcus sp. YE78,ERR1942298.235,gi|520729894|gb|KF156793.1|,88.68,212,24,0,1,212,313,102,2e-65,259
bacterium WH3-2,ERR1942298.236,gi|380850756|gb|JQ269305.1|,90.41,219,13,5,1,215,366,152,4e-72,281
Lachnospiraceae bacterium P43,ERR1942298.237,gi|444740627|dbj|AB730753.1|,88.13,219,26,0,1,219,326,108,5e-66,261
unidentified bacterium,ERR1942298.238,gi|50982374|gb|AY654967.1|,94.83,174,9,0,1,174,250,77,5e-70,274
Intestinimonas butyriciproducens,ERR1942298.239,gi|955689447|gb|CP011307.1|,89.05,210,22,1,1,209,631529,631320,2e-65,259
Intestinimonas butyriciproducens,ERR1942298.239,gi|955689447|gb|CP011307.1|,88.57,210,23,1,1,209,3292102,3292311,8e-64,254
bacterium FB2012,ERR1942298.240,gi|575790801|gb|KF697933.1|,93.51,185,12,0,1,185,313,129,1e-71,279
Clostridiales bacterium 30-4c,ERR1942298.241,gi|312064780|gb|HQ452853.1|,94.82,193,9,1,1,192,330,138,1e-77,300
Clostridium sp. Clone-47,ERR1942298.242,gi|358641020|dbj|AB622848.1|,93.30,224,15,0,1,224,332,109,4e-87,331
Lactobacillus animalis,ERR1942298.243,gi|1048198899|gb|KU587454.1|,100.00,197,0,0,1,197,332,136,4e-97,364
Clostridiales bacterium KB18,ERR1942298.244,gi|1208468206|gb|CP021422.1|,89.78,186,19,0,1,186,589603,589418,2e-59,239
Clostridiales bacterium KB18,ERR1942298.244,gi|1208468206|gb|CP021422.1|,89.78,186,19,0,1,186,3781965,3782150,2e-59,239
Acetatifactor muris,ERR1942298.245,gi|645320782|ref|NR_117905.1|,92.79,208,14,1,1,208,282,76,1e-77,300
bacterium NLAE-zl-G1,ERR1942298.246,gi|387862822|gb|JX048067.1|,96.60,235,8,0,1,235,239,5,7e-105,390
Alkaliphilus sp. LacT,ERR1942298.247,gi|607368878|gb|KJ159208.1|,83.33,210,32,3,2,210,391,184,7e-45,191
Clostridium sp. YIT 12069,ERR1942298.248,gi|258612380|dbj|AB491207.1|,83.26,227,23,13,1,219,311,92,6e-46,195
Alistipes putredinis,ERR1942298.249,gi|1008904230|emb|LT223618.1|,91.01,189,17,0,2,190,332,144,2e-64,255
Acetatifactor muris,ERR1942298.250,gi|645320782|ref|NR_117905.1|,94.22,225,13,0,1,225,282,58,5e-91,344
Ruminococcus sp. DJF_VR87,ERR1942298.251,gi|189473892|gb|EU728796.1|,95.31,192,8,1,1,191,346,155,7e-79,303
bacterium ASF500,ERR1942298.255,gi|5163472|gb|AF157051.1|AF157051,96.70,182,6,0,1,182,332,151,7e-79,303
Anaeroplasma abactoclasticum,ERR1942298.256,gi|265678861|ref|NR_029167.1|,84.05,232,28,7,1,226,323,95,4e-52,215
bacterium AB2031,ERR1942298.257,gi|575790467|gb|KF697765.1|,95.26,190,9,0,1,190,312,123,3e-78,302
Clostridiales bacterium 30-4c,ERR1942298.258,gi|312064780|gb|HQ452853.1|,97.95,195,4,0,1,195,330,136,2e-89,339
Clostridium sp. WSC-9-7,ERR1942298.259,gi|379047282|gb|JQ404436.1|,95.76,118,5,0,1,118,311,194,5e-45,191
Chitinophagaceae bacterium StRD338,ERR1942298.260,gi|864424864|dbj|LC024839.1|,96.83,221,6,1,1,221,232,13,3e-98,368
Ruminococcus sp.,ERR1942298.261,gi|1191949042|gb|KY643813.1|,96.53,202,3,4,1,200,277,78,4e-87,331
Pinus oocarpa,ERR1942298.262,gi|1238790361|gb|KY963969.1|,99.55,222,1,0,1,222,84576,84355,2e-109,405
unidentified bacterium,ERR1942298.263,gi|4335663|gb|U81762.2|UEU81762,91.71,193,16,0,1,193,317,125,3e-68,268
Ruminococcus sp. CO47,ERR1942298.264,gi|22212479|dbj|AB064904.1|,95.96,198,7,1,1,197,346,149,8e-84,320
bacterium FB2005,ERR1942298.265,gi|575790791|gb|KF697928.1|,95.37,216,8,2,2,216,313,99,2e-90,342
Anaeroplasma abactoclasticum,ERR1942298.267,gi|265678861|ref|NR_029167.1|,84.39,237,28,7,1,231,323,90,7e-55,224
Clostridiales bacterium CIEAF 021,ERR1942298.268,gi|388556172|dbj|AB702937.1|,88.53,218,20,4,2,216,348,133,2e-65,259
Pedobacter duraquae,ERR1942298.269,gi|1019982290|gb|KU924007.1|,100.00,182,0,0,1,182,277,96,7e-89,337
rhizosphere soil bacterium RSI-21,ERR1942298.272,gi|9857110|emb|AJ252588.1|,96.70,212,7,0,1,212,297,86,8e-94,353
Nocardioides sp. RKVR_SS5,ERR1942298.273,gi|403238681|gb|JX317682.1|,94.64,224,12,0,1,224,322,99,1e-92,350
Lachnospiraceae bacterium G11,ERR1942298.275,gi|429841963|gb|KC143064.1|,92.11,190,15,0,2,191,333,144,3e-68,268
Pinus oocarpa,ERR1942298.276,gi|1238790361|gb|KY963969.1|,100.00,219,0,0,1,219,84576,84358,2e-109,405
Clostridium sp. Culture-27,ERR1942298.277,gi|358640990|dbj|AB622818.1|,91.19,227,17,3,1,226,352,128,3e-79,305
rumen bacterium NK2A14,ERR1942298.278,gi|304569936|gb|GU324357.1|,96.30,216,8,0,2,217,342,127,2e-94,355
Lactobacillales bacterium HY-36-1,ERR1942298.279,gi|50982924|gb|AY581272.1|,88.89,216,19,5,1,214,306,94,5e-66,261
Oscillospiraceae bacterium Marseille-P2840,ERR1942298.280,gi|1032798191|emb|LT576393.1|,88.07,218,20,6,1,215,343,129,7e-65,257
Pinus oocarpa,ERR1942298.281,gi|1238790361|gb|KY963969.1|,100.00,216,0,0,1,216,84576,84361,1e-107,399
Massilia sp. B055-25,ERR1942298.282,gi|588483605|gb|KJ191002.1|,97.65,213,5,0,1,213,272,60,1e-97,366
Bacteroides gallinarum,ERR1942298.283,gi|343200761|ref|NR_041448.1|,92.08,240,17,2,1,239,318,80,1e-88,337
Clostridiales bacterium 30-4c,ERR1942298.284,gi|312064780|gb|HQ452853.1|,98.06,206,4,0,1,206,330,125,2e-95,359
Bacteroides sp. S427,ERR1942298.285,gi|815932270|gb|KR232894.1|,91.53,236,16,2,1,234,282,49,3e-84,322
bacterium NLAE-zl-G1,ERR1942298.286,gi|387862822|gb|JX048067.1|,96.60,235,8,0,1,235,239,5,7e-105,390
Clostridium sp. Clone-47,ERR1942298.287,gi|358641020|dbj|AB622848.1|,93.33,225,15,0,1,225,332,108,1e-87,333
rumen bacterium NK4B29,ERR1942298.288,gi|304569970|gb|GU324391.1|,86.57,216,29,0,1,216,326,111,2e-59,239
Candidatus Melainabacteria bacterium MEL.A1,ERR1942298.289,gi|1079475020|gb|CP017245.1|,85.11,188,28,0,1,188,1475460,1475273,2e-45,193
Candidatus Melainabacteria bacterium MEL.A1,ERR1942298.289,gi|1079475020|gb|CP017245.1|,85.11,188,28,0,1,188,1480992,1480805,2e-45,193
Bacteroides clarus YIT 12056,ERR1942298.290,gi|631251867|ref|NR_113065.1|,92.15,242,17,2,1,241,334,94,7e-90,340
Clostridiales bacterium 24-4c,ERR1942298.291,gi|312064779|gb|HQ452852.1|,91.26,206,14,4,2,205,342,139,5e-71,278
Clostridium sp. Clone-47,ERR1942298.292,gi|358641020|dbj|AB622848.1|,93.33,225,15,0,1,225,332,108,1e-87,333
unidentified bacterium,ERR1942298.294,gi|332656142|gb|JF733451.1|,94.33,194,10,1,1,194,334,142,1e-76,296
Arthrobacter sp.,ERR1942298.295,gi|1214784553|gb|KY476632.1|,99.55,223,1,0,1,223,284,62,7e-110,407
Clostridium sp. 619,ERR1942298.296,gi|399219965|dbj|AB739698.1|,94.20,207,11,1,1,207,344,139,4e-82,315
Blastococcus sp. BMG 817,ERR1942298.297,gi|1088721527|emb|LN626280.1|,100.00,225,0,0,1,225,300,76,1e-112,416
bacterium NLAE-zl-G12,ERR1942298.298,gi|387862892|gb|JX048137.1|,92.15,191,15,0,1,191,294,104,8e-69,270
Mycobacterium sp. DWMJ-1839A1,ERR1942298.299,gi|955286593|gb|KU172914.1|,90.95,221,6,10,1,221,253,47,2e-74,289
Lachnospiraceae bacterium G11,ERR1942298.300,gi|429841963|gb|KC143064.1|,92.31,221,17,0,1,221,334,114,4e-82,315
Ruminococcus flavefaciens,ERR1942298.301,gi|657356993|dbj|AB849343.1|,87.03,185,22,2,1,184,328,145,6e-50,207
Bacteroides clarus YIT 12056,ERR1942298.302,gi|631251867|ref|NR_113065.1|,92.15,242,17,2,1,241,334,94,7e-90,340
rumen bacterium NK4A222,ERR1942298.303,gi|304569984|gb|GU324405.1|,95.94,197,8,0,1,197,330,134,8e-84,320
Pinus oocarpa,ERR1942298.304,gi|1238790361|gb|KY963969.1|,100.00,219,0,0,1,219,84576,84358,2e-109,405
Anaerotruncus sp. Marseille-P2769,ERR1942298.305,gi|1116030290|ref|NR_144748.1|,88.41,207,24,0,1,207,331,125,1e-62,250
bacterium NLAE-zl-G12,ERR1942298.306,gi|387862892|gb|JX048137.1|,93.83,227,13,1,2,228,293,68,7e-90,340
Blautia coccoides,ERR1942298.307,gi|1233011954|gb|CP022713.1|,95.43,219,10,0,2,220,1979207,1979425,1e-92,350
Blautia coccoides,ERR1942298.307,gi|1233011954|gb|CP022713.1|,95.43,219,10,0,2,220,3246215,3246433,1e-92,350
Blautia coccoides,ERR1942298.307,gi|1233011954|gb|CP022713.1|,95.43,219,10,0,2,220,3886639,3886857,1e-92,350
Blautia coccoides,ERR1942298.307,gi|1233011954|gb|CP022713.1|,95.43,219,10,0,2,220,4971379,4971161,1e-92,350
Blautia coccoides,ERR1942298.307,gi|1233011954|gb|CP022713.1|,95.43,219,10,0,2,220,4986031,4985813,1e-92,350
Paracoccus sp. S3,ERR1942298.308,gi|1215531073|emb|LT853792.1|,100.00,239,0,0,1,239,248,10,2e-120,442
Propionibacteriaceae sp. Pao16,ERR1942298.309,gi|605097932|gb|KJ016012.1|,98.62,217,3,0,1,217,270,54,3e-103,385
Intestinimonas butyriciproducens,ERR1942298.310,gi|955689447|gb|CP011307.1|,89.90,198,19,1,1,197,3292102,3292299,8e-64,254
Intestinimonas butyriciproducens,ERR1942298.310,gi|955689447|gb|CP011307.1|,89.39,198,20,1,1,197,631529,631332,4e-62,248
Porphyromonas endodontalis,ERR1942298.311,gi|1139273777|emb|LT687469.1|,93.81,194,6,4,1,191,315,125,8e-74,287
unidentified bacterium,ERR1942298.312,gi|301239968|gb|HM703317.1|,98.13,214,2,2,1,212,311,98,2e-99,372
Propionibacterium acnes subsp. acnes,ERR1942298.313,gi|1229452599|gb|KY674912.1|,100.00,237,0,0,1,237,244,8,3e-119,438
Clostridium sp. Culture Jar-13,ERR1942298.314,gi|358640998|dbj|AB622826.1|,93.61,219,14,0,1,219,351,133,5e-86,327
Lachnospiraceae bacterium DW70,ERR1942298.316,gi|1023747100|gb|KX009932.1|,92.04,226,18,0,1,226,334,109,3e-83,318
Roseburia sp. 1120,ERR1942298.317,gi|402726325|dbj|AB744234.1|,88.35,206,22,2,2,205,326,121,1e-61,246
Clostridiales bacterium CIEAF 029,ERR1942298.318,gi|388556167|dbj|AB702932.1|,90.72,237,19,3,1,236,349,115,2e-81,313
Lachnospiraceae bacterium BLS21,ERR1942298.319,gi|1109168025|ref|NR_144611.1|,96.97,198,6,0,1,198,278,81,1e-87,333
Streptomyces sp. CNS-764_SF06,ERR1942298.320,gi|164562353|gb|EU214978.1|,99.55,220,1,0,1,220,285,66,3e-108,401
bacterium NLAE-zl-G1,ERR1942298.321,gi|387862822|gb|JX048067.1|,96.60,235,8,0,1,235,239,5,7e-105,390
[Ruminococcus] gnavus,ERR1942298.322,gi|1151123233|gb|KY497952.1|,96.83,221,7,0,1,221,296,76,9e-99,370
bacterium LB3006,ERR1942298.323,gi|575791016|gb|KF698039.1|,85.90,227,20,10,1,221,342,122,4e-57,231
Lachnospiraceae bacterium DJF_VP30,ERR1942298.324,gi|189473867|gb|EU728771.1|,95.07,203,10,0,2,204,343,141,8e-84,320
Paracoccus sp. S3,ERR1942298.325,gi|1215531073|emb|LT853792.1|,100.00,239,0,0,1,239,248,10,2e-120,442
Herbaspirillum sp. 5410S-62,ERR1942298.326,gi|1124891059|gb|KY386599.1|,99.53,213,1,0,1,213,312,100,2e-104,388
Blautia schinkii,ERR1942298.327,gi|3492816|emb|X94964.1|,92.76,221,16,0,1,221,323,103,2e-85,326
Bacteroides clarus YIT 12056,ERR1942298.328,gi|631251867|ref|NR_113065.1|,91.67,240,18,2,1,239,334,96,4e-87,331
Lachnospiraceae bacterium 615,ERR1942298.329,gi|379025448|dbj|AB700369.1|,90.48,231,22,0,2,232,344,114,3e-79,305
Pasteurellaceae bacterium canine oral taxon 271,ERR1942298.330,gi|373132517|gb|JQ294397.1|,97.29,221,5,1,1,221,328,109,7e-100,374
Lachnospiraceae bacterium BLS21,ERR1942298.331,gi|1109168025|ref|NR_144611.1|,97.57,206,5,0,1,206,278,73,8e-94,353
Paracoccus sp. C-17,ERR1942298.332,gi|241897496|gb|GQ183849.1|,99.58,239,1,0,1,239,297,59,9e-119,436
bacterium FB2012,ERR1942298.333,gi|575790801|gb|KF697933.1|,92.75,207,13,2,1,207,313,109,3e-78,302
Clostridium methylpentosum;Clostridium methylpentosum DSM 5476,ERR1942298.334,gi|265679047|ref|NR_029355.1|,91.74,218,15,3,1,216,328,112,1e-77,300
Geosporobacter sp. LAM1220,ERR1942298.335,gi|528281252|gb|KF311769.1|,84.07,226,26,10,2,223,336,117,2e-50,209
Lactobacillales bacterium HY-36-1,ERR1942298.336,gi|50982924|gb|AY581272.1|,91.07,224,15,4,1,222,306,86,4e-77,298
Clostridiales bacterium Marseille-P2846,ERR1942298.337,gi|1032798185|emb|LT576387.1|,90.65,214,20,0,2,215,336,123,3e-73,285
Lactobacillales bacterium HY-36-1,ERR1942298.338,gi|50982924|gb|AY581272.1|,91.04,212,14,5,1,210,306,98,4e-72,281
Odoribacter sp.,ERR1942298.340,gi|1153087264|gb|KY694756.1|,86.82,220,20,8,1,215,335,120,9e-59,237
Anaerostipes sp. 992a,ERR1942298.341,gi|425477679|gb|JX629260.1|,94.09,237,14,0,2,238,329,93,6e-96,361
Ruminococcus sp. DJF_VR87,ERR1942298.342,gi|189473892|gb|EU728796.1|,95.45,198,8,1,1,197,346,149,4e-82,315
Lactobacillales bacterium HY-36-1,ERR1942298.344,gi|50982924|gb|AY581272.1|,91.83,208,12,5,1,206,306,102,3e-73,285
Microvirga sp. 7_57,ERR1942298.345,gi|557675868|emb|HF954468.1|,100.00,216,0,0,1,216,253,38,1e-107,399
Firmicutes bacterium M53,ERR1942298.346,gi|119371516|dbj|AB262657.1|,94.20,224,13,0,2,225,343,120,2e-90,342
Acetatifactor muris,ERR1942298.347,gi|645320782|ref|NR_117905.1|,93.78,225,14,0,1,225,282,58,2e-89,339
rumen bacterium YS2,ERR1942298.348,gi|23957487|gb|AF544207.1|,90.91,187,17,0,2,188,340,154,3e-63,252
Clostridiales bacterium oral taxon C20,ERR1942298.349,gi|285202490|gb|GU429803.1|,96.40,111,4,0,1,111,319,209,1e-42,183
Clostridiales bacterium oral taxon F32,ERR1942298.350,gi|295877494|gb|HM099644.1|,91.24,194,17,0,1,194,382,189,4e-67,265
Oscillospiraceae bacterium Marseille-P2840,ERR1942298.351,gi|1032798191|emb|LT576393.1|,92.69,219,16,0,2,220,342,124,9e-84,320
Lachnospiraceae bacterium KNHs209,ERR1942298.352,gi|1047487928|gb|KX356509.1|,90.52,232,22,0,1,232,332,101,7e-80,307
Pinus oocarpa,ERR1942298.353,gi|1238790361|gb|KY963969.1|,100.00,182,0,0,1,182,84576,84395,7e-89,337
Bacillus sp. 4P_D2_7CS2014,ERR1942298.354,gi|798966162|gb|KP762264.1|,96.52,230,8,0,1,230,275,46,4e-102,381
unidentified bacterium,ERR1942298.355,gi|50982376|gb|AY654969.1|,91.59,226,17,2,1,225,232,8,5e-81,311
Pasteurellaceae bacterium canine oral taxon 271,ERR1942298.356,gi|373132517|gb|JQ294397.1|,97.29,221,5,1,1,221,328,109,7e-100,374
bacterium NLAE-zl-G1,ERR1942298.357,gi|387862822|gb|JX048067.1|,96.60,235,8,0,1,235,239,5,7e-105,390
Ruminococcus sp.,ERR1942298.358,gi|1191949042|gb|KY643813.1|,96.98,199,6,0,1,199,277,79,3e-88,335
Arthrobacter sp.,ERR1942298.359,gi|1179683854|gb|KY938039.1|,99.58,237,1,0,1,237,266,30,1e-117,433
Clostridium clostridioforme,ERR1942298.360,gi|28628153|gb|AY169422.1|,92.48,226,15,2,1,225,344,120,3e-84,322
Oscillospiraceae bacterium Marseille-P2840,ERR1942298.361,gi|1032798191|emb|LT576393.1|,88.43,216,19,6,1,213,343,131,2e-65,259
Bacteroides sp. W20,ERR1942298.362,gi|927657591|dbj|LC033792.1|,92.08,240,17,2,1,239,338,100,1e-88,337
Anaeroplasma abactoclasticum,ERR1942298.363,gi|265678861|ref|NR_029167.1|,84.05,232,28,7,1,226,323,95,4e-52,215
rumen bacterium NK2A1,ERR1942298.364,gi|304569946|gb|GU324367.1|,95.75,212,9,0,1,212,357,146,2e-90,342
bacterium YRD2003,ERR1942298.365,gi|575792018|gb|KF698539.1|,91.08,213,12,7,1,210,311,103,4e-72,281
Bacteroides clarus YIT 12056,ERR1942298.366,gi|631251867|ref|NR_113065.1|,92.15,242,17,2,1,241,334,94,7e-90,340
bacterium NLAE-zl-G1,ERR1942298.367,gi|387862822|gb|JX048067.1|,96.60,235,8,0,1,235,239,5,7e-105,390
Bacteroides sp. W20,ERR1942298.368,gi|927657591|dbj|LC033792.1|,91.15,226,17,3,1,224,338,114,9e-79,303
Castanea mollissima,ERR1942298.369,gi|1209554969|gb|KY951992.1|,100.00,210,0,0,1,210,106808,106599,2e-104,388
Castanea mollissima,ERR1942298.369,gi|1209554969|gb|KY951992.1|,100.00,210,0,0,1,210,144559,144768,2e-104,388
Acetatifactor muris,ERR1942298.370,gi|645320782|ref|NR_117905.1|,94.22,225,13,0,1,225,282,58,5e-91,344
bacterium FB2012,ERR1942298.371,gi|575790801|gb|KF697933.1|,92.57,202,13,2,1,202,313,114,2e-75,292
Desulfitobacterium sp. PR,ERR1942298.372,gi|507592699|gb|KC561096.1|,95.17,145,7,0,2,146,346,202,1e-56,230
bacterium FB2012,ERR1942298.373,gi|575790801|gb|KF697933.1|,93.27,208,14,0,1,208,313,106,5e-81,311
Clostridiaceae bacterium DJF_VP39k1,ERR1942298.374,gi|189473870|gb|EU728774.1|,98.11,212,4,0,1,212,329,118,8e-99,370
Blautia coccoides,ERR1942298.376,gi|1233011954|gb|CP022713.1|,96.73,214,7,0,2,215,1979207,1979420,7e-95,357
Blautia coccoides,ERR1942298.376,gi|1233011954|gb|CP022713.1|,96.73,214,7,0,2,215,3246215,3246428,7e-95,357
Blautia coccoides,ERR1942298.376,gi|1233011954|gb|CP022713.1|,96.73,214,7,0,2,215,3886639,3886852,7e-95,357
Blautia coccoides,ERR1942298.376,gi|1233011954|gb|CP022713.1|,96.73,214,7,0,2,215,4986031,4985818,7e-95,357
Blautia coccoides,ERR1942298.376,gi|1233011954|gb|CP022713.1|,95.79,214,9,0,2,215,4971379,4971166,1e-91,346
rumen bacterium NK2A14,ERR1942298.377,gi|304569936|gb|GU324357.1|,96.28,215,8,0,2,216,342,128,8e-94,353
Prevotella melaninogenica,ERR1942298.378,gi|1139283763|emb|LT697487.1|,86.78,227,30,0,1,227,317,91,9e-64,254
mixed culture ruminal bacterium PAD193,ERR1942298.379,gi|3243232|gb|AF070469.1|AF070469,93.98,216,13,0,2,217,317,102,5e-86,327
Rhodothermaceae bacterium RA,ERR1942298.380,gi|1167574847|gb|CP020382.1|,97.32,112,3,0,1,112,2908406,2908517,6e-45,191
Massilia sp. 8B-2,ERR1942298.381,gi|1238780502|emb|LT797550.1|,100.00,213,0,0,1,213,242,30,5e-106,394
bacterium FB2012,ERR1942298.382,gi|575790801|gb|KF697933.1|,93.27,208,14,0,1,208,313,106,5e-81,311
Clostridiales bacterium JN18_A89_K*,ERR1942298.383,gi|77377404|gb|DQ168653.1|,86.61,239,25,7,2,237,297,63,8e-65,257
Alistipes shahii,ERR1942298.384,gi|1008904231|emb|LT223619.1|,92.00,225,16,2,1,224,330,107,4e-82,315
unidentified bacterium,ERR1942298.385,gi|301243922|gb|HM707271.1|,99.08,218,2,0,1,218,280,63,2e-105,392
bacterium XBD2005,ERR1942298.386,gi|575791866|gb|KF698462.1|,91.21,182,16,0,1,182,324,143,4e-62,248
Ruminococcus sp.,ERR1942298.387,gi|1191949042|gb|KY643813.1|,92.78,194,13,1,1,193,277,84,1e-71,279
Variovorax paradoxus,ERR1942298.388,gi|1219687803|gb|MF525600.1|,100.00,189,0,0,1,189,281,93,9e-93,350
Lachnospiraceae bacterium DW52,ERR1942298.389,gi|1023747094|gb|KX009926.1|,92.63,190,10,4,2,189,310,123,8e-69,270
Firmicutes bacterium M53,ERR1942298.390,gi|119371516|dbj|AB262657.1|,94.21,190,11,0,2,191,343,154,6e-75,291
Pedobacter sp.,ERR1942298.391,gi|1124890999|gb|KY386539.1|,100.00,214,0,0,1,214,312,99,1e-106,396
Bacteroides clarus YIT 12056,ERR1942298.392,gi|631251867|ref|NR_113065.1|,92.15,242,17,2,1,241,334,94,7e-90,340
Clostridiales bacterium feline oral taxon 019,ERR1942298.393,gi|728055974|gb|KM462132.1|,84.97,193,26,3,1,192,336,146,2e-45,193
Lachnospiraceae bacterium RM44,ERR1942298.394,gi|444740563|dbj|AB730689.1|,92.42,211,15,1,2,212,337,128,1e-77,300
Clostridiales bacterium CIEAF 029,ERR1942298.395,gi|388556167|dbj|AB702932.1|,94.04,235,14,0,1,235,349,115,7e-95,357
Blautia coccoides,ERR1942298.396,gi|1233011954|gb|CP022713.1|,94.66,206,11,0,1,206,1979206,1979411,8e-84,320
Blautia coccoides,ERR1942298.396,gi|1233011954|gb|CP022713.1|,94.66,206,11,0,1,206,3246214,3246419,8e-84,320
Blautia coccoides,ERR1942298.396,gi|1233011954|gb|CP022713.1|,94.66,206,11,0,1,206,3886638,3886843,8e-84,320
Blautia coccoides,ERR1942298.396,gi|1233011954|gb|CP022713.1|,94.66,206,11,0,1,206,4986032,4985827,8e-84,320
Blautia coccoides,ERR1942298.396,gi|1233011954|gb|CP022713.1|,93.69,206,13,0,1,206,4971380,4971175,2e-80,309
Pinus oocarpa,ERR1942298.397,gi|1238790361|gb|KY963969.1|,100.00,219,0,0,1,219,84576,84358,2e-109,405
mixed culture ruminal bacterium PAD193,ERR1942298.398,gi|3243232|gb|AF070469.1|AF070469,94.47,217,12,0,2,218,317,101,3e-88,335
Clostridiales bacterium CIEAF 021,ERR1942298.399,gi|388556172|dbj|AB702937.1|,88.53,218,23,2,2,218,348,132,1e-66,263
butyrate-producing bacterium L2-10,ERR1942298.400,gi|6899979|emb|AJ270486.1|,93.67,221,14,0,1,221,226,6,4e-87,331
Ruminococcus albus,ERR1942298.401,gi|41387515|gb|AY445592.1|,88.95,172,19,0,1,172,327,156,1e-51,213
Lactobacillales bacterium HY-36-1,ERR1942298.402,gi|50982924|gb|AY581272.1|,91.12,214,14,5,1,212,306,96,3e-73,285
Butyricicoccus sp. BB10,ERR1942298.403,gi|1215493261|gb|MF469066.1|,92.05,176,10,3,1,174,315,142,4e-61,244
Ruminococcus sp. CO47,ERR1942298.404,gi|22212479|dbj|AB064904.1|,95.05,202,9,1,1,201,346,145,3e-83,318
Lachnospiraceae bacterium G11,ERR1942298.405,gi|429841963|gb|KC143064.1|,95.37,216,10,0,2,217,333,118,5e-91,344
Ruminococcus sp.,ERR1942298.406,gi|1191949046|gb|KY643817.1|,94.47,199,11,0,1,199,277,79,6e-80,307
Enterococcus hirae,ERR1942298.407,gi|1206250288|gb|MF326351.1|,85.33,225,31,2,2,226,308,86,4e-57,231
Firmicutes bacterium M53,ERR1942298.408,gi|119371516|dbj|AB262657.1|,92.76,221,16,0,1,221,344,124,9e-84,320
Ruminococcus sp. DJF_VR87,ERR1942298.409,gi|189473892|gb|EU728796.1|,95.41,218,9,1,1,217,346,129,1e-91,346
Anaeroplasma abactoclasticum,ERR1942298.410,gi|265678861|ref|NR_029167.1|,83.98,231,28,7,1,225,323,96,2e-51,213
bacterium NLAE-zl-G12,ERR1942298.411,gi|387862892|gb|JX048137.1|,93.67,221,13,1,1,221,294,75,1e-86,329
Bacteroides sp. TP-5,ERR1942298.412,gi|229889954|dbj|AB499846.1|,91.32,242,18,1,1,242,320,82,2e-86,329
bacterium V9D2002,ERR1942298.413,gi|575791615|gb|KF698337.1|,90.62,224,21,0,1,224,331,108,4e-77,298
Flavonifractor plautii,ERR1942298.414,gi|404363883|gb|JX267131.1|,93.41,182,11,1,1,181,337,156,3e-68,268
Clostridiaceae bacterium DJF_VP39k1,ERR1942298.415,gi|189473870|gb|EU728774.1|,98.17,219,4,0,2,220,328,110,1e-102,383
Alistipes shahii,ERR1942298.416,gi|1008904231|emb|LT223619.1|,93.47,245,14,2,1,244,330,87,2e-96,363
bacterium VCB2004,ERR1942298.417,gi|575791665|gb|KF698362.1|,92.45,212,14,2,1,211,334,124,3e-78,302
bacterium NC2001,ERR1942298.418,gi|575791442|gb|KF698251.1|,93.27,223,15,0,1,223,326,104,1e-86,329
bacterium NLAE-zl-G12,ERR1942298.419,gi|387862892|gb|JX048137.1|,96.58,234,8,0,1,234,294,61,3e-104,388
Lactobacillales bacterium HY-36-1,ERR1942298.420,gi|50982924|gb|AY581272.1|,90.28,216,18,3,1,215,306,93,1e-71,279
Butyricicoccus sp. BB10,ERR1942298.421,gi|1215493261|gb|MF469066.1|,91.12,214,12,6,1,211,315,106,1e-72,283
Ruminococcus sp. CO47,ERR1942298.423,gi|22212479|dbj|AB064904.1|,96.35,192,6,1,1,191,346,155,3e-82,315
Bacillus schlegelii,ERR1942298.424,gi|343200158|ref|NR_040845.1|,90.91,132,9,3,2,132,333,204,7e-40,174
Intestinimonas butyriciproducens,ERR1942298.425,gi|955689447|gb|CP011307.1|,89.62,212,21,1,1,211,3292102,3292313,3e-68,268
Intestinimonas butyriciproducens,ERR1942298.425,gi|955689447|gb|CP011307.1|,89.15,212,22,1,1,211,631529,631318,1e-66,263
bacterium AC2043,ERR1942298.426,gi|575790554|gb|KF697809.1|,83.26,239,37,2,1,236,327,89,1e-52,217
Lachnospiraceae bacterium 615,ERR1942298.427,gi|379025448|dbj|AB700369.1|,89.30,187,20,0,2,188,344,158,3e-58,235
Amnibacterium sp.,ERR1942298.428,gi|1124886699|gb|KX928543.1|,100.00,225,0,0,1,225,250,26,1e-112,416
Butyricicoccus sp. BB10,ERR1942298.429,gi|1215493261|gb|MF469066.1|,91.90,210,17,0,1,210,315,106,5e-76,294
Massilia sp. 8B-2,ERR1942298.430,gi|1238780502|emb|LT797550.1|,100.00,215,0,0,1,215,242,28,4e-107,398
Chitinophagaceae bacterium StRD338,ERR1942298.431,gi|864424864|dbj|LC024839.1|,96.86,223,6,1,1,223,232,11,2e-99,372
Lactobacillales bacterium HY-36-1,ERR1942298.432,gi|50982924|gb|AY581272.1|,91.67,216,14,4,1,214,306,93,1e-76,296
unidentified bacterium,ERR1942298.433,gi|50982380|gb|AY654973.1|,90.48,210,20,0,1,210,223,14,5e-71,278
Bacteroides sp. DSM 12148,ERR1942298.434,gi|42592514|emb|AJ518876.1|,89.17,240,24,2,1,239,294,56,5e-77,298
Clostridiaceae bacterium DJF_VP39k1,ERR1942298.435,gi|189473870|gb|EU728774.1|,98.12,213,4,0,1,213,329,117,2e-99,372
Clostridiales bacterium CIEAF 021,ERR1942298.436,gi|388556172|dbj|AB702937.1|,93.06,216,15,0,1,216,349,134,1e-82,316
Clostridiales bacterium feline oral taxon 019,ERR1942298.437,gi|728055974|gb|KM462132.1|,84.97,193,26,3,1,192,336,146,2e-45,193
Anaplasma phagocytophilum,ERR1942298.438,gi|260685311|gb|GQ900624.1|,96.00,225,9,0,1,225,225,1,1e-97,366
Pasteurellaceae bacterium R46,ERR1942298.439,gi|110294594|gb|DQ666560.1|,94.95,218,11,0,1,218,310,93,1e-92,350
Clostridiales bacterium oral taxon 085,ERR1942298.440,gi|285162219|gb|GU400637.1|,92.79,208,13,2,1,207,315,109,1e-77,300
Clostridiales bacterium oral taxon F32,ERR1942298.441,gi|295877494|gb|HM099644.1|,89.95,199,20,0,1,199,382,184,6e-65,257
bacterium WCD2010,ERR1942298.442,gi|575791722|gb|KF698390.1|,94.54,238,13,0,1,238,325,88,3e-98,368
Bacteroides sp. S427,ERR1942298.443,gi|815932270|gb|KR232894.1|,92.53,241,14,2,1,239,282,44,2e-90,342
Lachnospiraceae bacterium DJF_VP30,ERR1942298.444,gi|189473867|gb|EU728771.1|,96.38,221,8,0,1,221,344,124,4e-97,364
Rubellimicrobium roseum,ERR1942298.445,gi|645320161|ref|NR_117433.1|,98.69,153,2,0,1,153,302,150,2e-69,272
Blastococcus sp. BMG 817,ERR1942298.446,gi|1088721527|emb|LN626280.1|,96.76,216,7,0,1,216,300,85,5e-96,361
Blautia sp. Marseille-P3441,ERR1942298.447,gi|1154838044|emb|LT631543.2|,95.26,211,10,0,2,212,322,112,8e-89,337
Clostridium sp. Clone-47,ERR1942298.448,gi|358641020|dbj|AB622848.1|,93.24,207,14,0,1,207,332,126,2e-79,305
Hymenobacter sp. XF-6R,ERR1942298.449,gi|1227086196|ref|NR_148659.1|,99.13,231,2,0,1,231,317,87,1e-112,416
Lachnospiraceae bacterium 615,ERR1942298.450,gi|379025448|dbj|AB700369.1|,89.47,190,20,0,2,191,344,155,6e-60,241
Clostridiales bacterium Marseille-P2846,ERR1942298.451,gi|1032798185|emb|LT576387.1|,92.59,216,15,1,1,216,337,123,2e-80,309
Microbacterium sp. EP_L_63,ERR1942298.452,gi|657710065|gb|KJ642439.1|,99.57,230,1,0,1,230,274,45,9e-114,420
Clostridium sp. Marseille-P2776,ERR1942298.453,gi|1042915461|emb|LT598567.1|,97.57,206,5,0,1,206,345,140,8e-94,353
Blastococcus sp. BMG 823,ERR1942298.454,gi|1088721524|emb|LN626277.1|,100.00,221,0,0,1,221,300,80,2e-110,409
Anaeroplasma abactoclasticum,ERR1942298.455,gi|265678861|ref|NR_029167.1|,84.05,232,28,7,1,226,323,95,4e-52,215
bacterium NLAE-zl-C273,ERR1942298.456,gi|379364416|gb|JQ607990.1|,84.69,196,30,0,1,196,302,107,1e-46,196
Clostridiales bacterium CIEAF 029,ERR1942298.457,gi|388556167|dbj|AB702932.1|,95.00,240,10,2,1,239,349,111,2e-100,375
Castanea mollissima,ERR1942298.458,gi|1209554969|gb|KY951992.1|,100.00,215,0,0,1,215,106808,106594,4e-107,398
Castanea mollissima,ERR1942298.458,gi|1209554969|gb|KY951992.1|,100.00,215,0,0,1,215,144559,144773,4e-107,398
Ruminococcus sp. DJF_VR70k1,ERR1942298.459,gi|189473888|gb|EU728792.1|,95.73,211,9,0,1,211,343,133,6e-90,340
Bacteroides clarus YIT 12056,ERR1942298.460,gi|631251867|ref|NR_113065.1|,91.74,242,18,2,1,241,334,94,3e-88,335
Gram-negative bacterium cL10-2b-4,ERR1942298.461,gi|37654684|gb|AY239469.1|,86.55,238,30,2,1,237,326,90,6e-66,261
Clostridiales bacterium Marseille-P2846,ERR1942298.462,gi|1032798185|emb|LT576387.1|,91.86,221,17,1,1,221,337,118,7e-80,307
Lactobacillus animalis,ERR1942298.463,gi|1048198899|gb|KU587454.1|,100.00,202,0,0,1,202,332,131,6e-100,374
Pinus oocarpa,ERR1942298.465,gi|1238790361|gb|KY963969.1|,100.00,221,0,0,2,222,84575,84355,2e-110,409
Ruminococcus sp. ID1,ERR1942298.466,gi|62115129|gb|AY960569.1|,94.94,237,12,0,1,237,345,109,3e-99,372
Bacteroides sartorii JCM 17136 = DSM 21941,ERR1942298.467,gi|631251997|ref|NR_113195.1|,90.35,228,19,2,1,228,334,110,2e-76,296
Clostridium clostridioforme,ERR1942298.468,gi|28628153|gb|AY169422.1|,94.44,198,9,2,1,197,344,148,8e-79,303
Bacteroides sp. W20,ERR1942298.469,gi|927657591|dbj|LC033792.1|,91.15,226,17,3,1,224,338,114,9e-79,303
Streptomyces sp. CNS-764_SF06,ERR1942298.470,gi|164562353|gb|EU214978.1|,99.55,220,1,0,1,220,285,66,3e-108,401
Lachnospiraceae bacterium G11,ERR1942298.471,gi|429841963|gb|KC143064.1|,96.04,227,9,0,1,227,334,108,9e-99,370
Ruminococcus sp.,ERR1942298.472,gi|1191949042|gb|KY643813.1|,91.20,216,18,1,1,215,277,62,2e-75,292
Rubrobacter xylanophilus,ERR1942298.473,gi|444304128|ref|NR_074552.1|,100.00,183,0,0,1,183,315,133,2e-89,339
unidentified bacterium,ERR1942298.474,gi|4335655|gb|U81729.2|UEU81729,88.84,224,23,2,1,223,294,72,7e-70,274
Roseburia sp. 1120,ERR1942298.475,gi|402726325|dbj|AB744234.1|,88.95,190,19,2,2,189,326,137,1e-57,233
Anaeroplasma abactoclasticum,ERR1942298.477,gi|265678861|ref|NR_029167.1|,84.12,233,28,7,1,227,323,94,1e-52,217
Pasteurellaceae bacterium R46,ERR1942298.478,gi|110294594|gb|DQ666560.1|,94.39,196,10,1,1,196,310,116,2e-79,305
Intestinimonas sp. GM5,ERR1942298.479,gi|923142420|emb|LN876649.1|,90.61,213,18,2,1,212,345,134,4e-72,281
Lactobacillales bacterium DJF_B280,ERR1942298.480,gi|189473820|gb|EU728724.1|,95.93,221,8,1,1,220,342,122,7e-95,357
bacterium FB2012,ERR1942298.481,gi|575790801|gb|KF697933.1|,92.79,208,13,2,1,208,313,108,8e-79,303
Lachnospiraceae bacterium G11,ERR1942298.482,gi|429841963|gb|KC143064.1|,92.67,191,14,0,1,191,334,144,2e-70,276
Firmicutes bacterium M53,ERR1942298.483,gi|119371516|dbj|AB262657.1|,92.76,221,16,0,1,221,344,124,9e-84,320
Clostridiales bacterium CIEAF 020,ERR1942298.485,gi|388556163|dbj|AB702928.1|,95.98,224,9,0,1,224,351,128,4e-97,364
Firmicutes bacterium M53,ERR1942298.486,gi|119371516|dbj|AB262657.1|,93.24,222,15,0,1,222,344,123,5e-86,327
Lactobacillus floricola,ERR1942298.487,gi|302357636|dbj|AB523783.1|,81.59,239,38,6,2,236,360,124,2e-45,193
Bacillus humi,ERR1942298.488,gi|929049785|gb|KT758428.1|,81.85,248,25,13,1,231,272,28,8e-45,191
Lachnospiraceae bacterium 615,ERR1942298.489,gi|379025448|dbj|AB700369.1|,89.47,190,20,0,2,191,344,155,6e-60,241
Clostridium sp. 619,ERR1942298.490,gi|399219965|dbj|AB739698.1|,93.72,207,12,1,1,207,344,139,2e-80,309
rumen bacterium NK2A1,ERR1942298.491,gi|304569946|gb|GU324367.1|,95.00,220,11,0,2,221,356,137,1e-91,346
Oscillospiraceae bacterium Marseille-P2840,ERR1942298.492,gi|1032798191|emb|LT576393.1|,87.04,216,21,7,1,212,343,131,7e-60,241
bacterium P2C2,ERR1942298.493,gi|676402757|gb|KM043768.1|,100.00,157,0,0,1,157,292,136,5e-75,291
Lactobacillus animalis,ERR1942298.494,gi|1048198899|gb|KU587454.1|,100.00,197,0,0,1,197,332,136,4e-97,364
Anaeroplasma abactoclasticum,ERR1942298.495,gi|265678861|ref|NR_029167.1|,84.74,190,20,7,1,184,323,137,3e-42,182
Anaeroplasma abactoclasticum,ERR1942298.496,gi|265678861|ref|NR_029167.1|,85.10,208,22,7,1,202,323,119,9e-49,204
rumen bacterium YS2,ERR1942298.497,gi|23957487|gb|AF544207.1|,88.65,185,21,0,1,185,341,157,2e-55,226
mixed culture ruminal bacterium PAD193,ERR1942298.498,gi|3243232|gb|AF070469.1|AF070469,90.75,227,19,2,2,227,317,92,3e-78,302
Lachnospiraceae bacterium canine oral taxon 024,ERR1942298.499,gi|373135150|gb|JQ297030.1|,87.37,190,24,0,2,191,342,153,3e-53,219
unidentified bacterium,ERR1942298.500,gi|4335655|gb|U81729.2|UEU81729,88.94,226,23,2,1,225,294,70,6e-71,278
Lachnospiraceae bacterium DW12,ERR1942298.501,gi|1023747085|gb|KX009917.1|,95.35,215,10,0,2,216,291,77,2e-90,342
Lachnospiraceae bacterium DJF_CR52,ERR1942298.502,gi|189473832|gb|EU728736.1|,92.45,212,15,1,1,212,344,134,3e-78,302
Massilia sp.,ERR1942298.503,gi|1148879067|gb|KY630721.1|,99.07,215,2,0,1,215,278,64,8e-104,387
Hydrogenophilus hirschii,ERR1942298.504,gi|1227542207|gb|MF595849.1|,97.52,242,6,0,1,242,295,54,4e-112,414
Butyricicoccus sp. BB10,ERR1942298.505,gi|1215493261|gb|MF469066.1|,89.32,206,22,0,1,206,315,110,2e-65,259
butyrate-producing bacterium T2-145,ERR1942298.506,gi|6899961|emb|AJ270472.1|,93.81,226,14,0,1,226,226,1,7e-90,340
Lachnospiraceae bacterium DW70,ERR1942298.507,gi|1023747100|gb|KX009932.1|,91.62,191,16,0,1,191,334,144,4e-67,265
bacterium NLAE-zl-C273,ERR1942298.508,gi|379364416|gb|JQ607990.1|,87.13,171,22,0,1,171,302,132,5e-46,195
Ruminococcus sp.,ERR1942298.510,gi|1191949042|gb|KY643813.1|,96.10,205,8,0,1,205,277,73,3e-88,335
Lagerstroemia indica,ERR1942298.511,gi|1149320142|gb|KX641464.1|,99.10,222,2,0,1,222,244257,244036,1e-107,399
Lagerstroemia indica,ERR1942298.511,gi|1149320142|gb|KX641464.1|,82.80,93,16,0,3,95,333314,333222,1e-12,84.2
Clostridium sp. ARIAKE994,ERR1942298.512,gi|512380473|dbj|AB809056.1|,88.78,196,21,1,1,196,338,144,2e-59,239
Bacteroides clarus YIT 12056,ERR1942298.513,gi|631251867|ref|NR_113065.1|,92.15,242,17,2,1,241,334,94,7e-90,340
Clostridium piliforme,ERR1942298.515,gi|86129721|gb|DQ352806.1|,84.21,209,32,1,1,209,334,127,3e-48,202
bacterium LE2012,ERR1942298.516,gi|575791156|gb|KF698108.1|,89.07,183,20,0,1,183,326,144,4e-56,228
bacterium NLAE-zl-G12,ERR1942298.518,gi|387862892|gb|JX048137.1|,92.42,198,15,0,2,199,293,96,1e-72,283
Ruminococcus flavefaciens,ERR1942298.519,gi|657356993|dbj|AB849343.1|,87.03,185,22,2,1,184,328,145,6e-50,207
Eggerthellaceae bacterium,ERR1942298.520,gi|1169174072|gb|KY595972.1|,86.44,236,26,6,1,233,261,29,1e-63,254
Clostridiaceae bacterium DJF_VP39k1,ERR1942298.521,gi|189473870|gb|EU728774.1|,96.77,217,7,0,2,218,328,112,1e-96,363
Ruminococcus sp. NK3A76,ERR1942298.523,gi|304569978|gb|GU324399.1|,90.69,204,14,5,1,203,330,131,1e-67,267
Ruminococcus sp. CO47,ERR1942298.524,gi|22212479|dbj|AB064904.1|,95.98,199,6,2,1,198,346,149,2e-84,322
Massilia sp. 8B-2,ERR1942298.526,gi|1238780502|emb|LT797550.1|,100.00,212,0,0,1,212,242,31,2e-105,392
rumen bacterium NK4A222,ERR1942298.527,gi|304569984|gb|GU324405.1|,88.04,184,22,0,1,184,330,147,3e-53,219
Firmicutes bacterium M53,ERR1942298.528,gi|119371516|dbj|AB262657.1|,92.89,225,16,0,1,225,344,120,5e-86,327
Clostridiales bacterium CIEAF 020,ERR1942298.529,gi|388556163|dbj|AB702928.1|,95.67,208,7,2,1,207,351,145,1e-87,333
Clostridiales bacterium Marseille-P2846,ERR1942298.530,gi|1032798185|emb|LT576387.1|,91.67,192,16,0,2,193,336,145,1e-67,267
bacterium LE2012,ERR1942298.531,gi|575791156|gb|KF698108.1|,89.62,183,19,0,1,183,326,144,9e-58,233
anaerobic bacterium foal30,ERR1942298.532,gi|374675231|gb|JQ028713.1|,96.71,213,5,2,1,212,292,81,8e-94,353
bacterium NLAE-zl-C488,ERR1942298.533,gi|379364615|gb|JQ608189.1|,89.53,191,15,5,1,189,303,116,2e-59,239
bacterium FB2005,ERR1942298.534,gi|575790791|gb|KF697928.1|,89.86,217,18,3,2,216,313,99,2e-70,276
Clostridiales bacterium oral taxon 085,ERR1942298.535,gi|285162219|gb|GU400637.1|,92.27,207,15,1,2,208,314,109,2e-75,292
Lachnospiraceae bacterium G11,ERR1942298.536,gi|429841963|gb|KC143064.1|,93.18,176,11,1,2,177,333,159,5e-65,257
Bacteroides clarus YIT 12056,ERR1942298.537,gi|631251867|ref|NR_113065.1|,92.15,242,17,2,1,241,334,94,7e-90,340
Lactobacillales bacterium HY-36-1,ERR1942298.538,gi|50982924|gb|AY581272.1|,88.79,214,19,5,1,212,306,96,7e-65,257
Lachnospiraceae bacterium G11,ERR1942298.539,gi|429841963|gb|KC143064.1|,92.55,188,14,0,2,189,333,146,7e-69,270
rumen bacterium NK4A222,ERR1942298.540,gi|304569984|gb|GU324405.1|,95.94,197,8,0,1,197,330,134,8e-84,320
Ruminococcus sp.,ERR1942298.541,gi|1191949042|gb|KY643813.1|,87.56,217,27,0,1,217,277,61,3e-63,252
Clostridiales bacterium CIEAF 022,ERR1942298.542,gi|388556173|dbj|AB702938.1|,87.57,177,18,4,1,175,350,176,7e-49,204
Clostridiales bacterium CIEAF 021,ERR1942298.543,gi|388556172|dbj|AB702937.1|,89.30,215,20,3,1,214,349,137,1e-67,267
Clostridiales bacterium 30-4c,ERR1942298.544,gi|312064780|gb|HQ452853.1|,99.03,207,2,0,2,208,329,123,2e-99,372
Firmicutes bacterium M53,ERR1942298.545,gi|119371516|dbj|AB262657.1|,95.95,173,7,0,2,174,343,171,3e-72,281
bacterium FB2012,ERR1942298.546,gi|575790801|gb|KF697933.1|,92.75,207,13,2,1,207,313,109,3e-78,302
Acetatifactor muris,ERR1942298.547,gi|645320782|ref|NR_117905.1|,94.22,225,13,0,1,225,282,58,5e-91,344
Eggerthellaceae bacterium,ERR1942298.548,gi|1169174072|gb|KY595972.1|,86.44,236,26,6,1,233,261,29,1e-63,254
bacterium NLAE-zl-G12,ERR1942298.549,gi|387862892|gb|JX048137.1|,92.51,187,14,0,2,188,293,107,3e-68,268
Lachnospiraceae bacterium G11,ERR1942298.550,gi|429841963|gb|KC143064.1|,90.96,188,17,0,2,189,333,146,8e-64,254
Bacteroides sp. DSM 12148,ERR1942298.551,gi|42592514|emb|AJ518876.1|,89.54,239,23,2,1,238,294,57,3e-78,302
Friedmanniella sp.,ERR1942298.552,gi|1124890987|gb|KY386527.1|,93.12,218,14,1,1,217,309,92,3e-83,318
Clostridiales bacterium CIEAF 022,ERR1942298.554,gi|388556173|dbj|AB702938.1|,88.14,177,17,4,1,175,350,176,6e-50,207
mixed culture ruminal bacterium PAD193,ERR1942298.555,gi|3243232|gb|AF070469.1|AF070469,93.62,188,12,0,2,189,317,130,3e-72,281
Bacteroides sp. S427,ERR1942298.558,gi|815932270|gb|KR232894.1|,91.53,236,16,2,1,234,282,49,3e-84,322
bacterium YGD2002,ERR1942298.559,gi|575791987|gb|KF698523.1|,90.16,183,17,1,1,182,320,138,2e-59,239
Blastococcus sp. BMG 817,ERR1942298.560,gi|1088721527|emb|LN626280.1|,100.00,225,0,0,1,225,300,76,1e-112,416
